400
-45.7647058824 -45.7647058824 1 21
-45.5417956656 -41.7523219814 2 21
-45.3188854489 -37.7399380805 3 21
-45.0959752322 -33.7275541796 4 21
-44.8730650155 -29.7151702786 5 21
-44.6501547988 -25.7027863777 6 21
-44.4272445820 -21.6904024768 7 21
-44.2043343653 -17.6780185759 8 21
-43.9814241486 -13.6656346749 9 21
-43.7585139319 -9.6532507740 10 21
-43.5356037152 -5.6408668731 11 21
-43.3126934985 -1.6284829721 12 21
-43.0897832817 2.3839009288 13 21
-42.8668730650 6.3962848297 14 21
-42.6439628483 10.4086687307 15 21
-42.4210526316 14.4210526316 16 21
-42.1981424149 18.4334365325 17 21
-41.9752321981 22.4458204334 18 21
-41.7523219814 -45.5417956656 1 22
-41.7523219814 26.4582043344 19 21
-41.5294117647 -41.5294117647 2 22
-41.5294117647 30.4705882353 20 21
-41.3065015480 -37.5170278638 3 22
-41.0835913313 -33.5046439628 4 22
-40.8606811146 -29.4922600619 5 22
-40.6377708978 -25.4798761610 6 22
-40.4148606811 -21.4674922601 7 22
-40.1919504644 -17.4551083591 8 22
-39.9690402477 -13.4427244582 9 22
-39.7461300310 -9.4303405573 10 22
-39.5232198142 -5.4179566563 11 22
-39.3003095975 -1.4055727554 12 22
-39.0773993808 2.6068111455 13 22
-38.8544891641 6.6191950464 14 22
-38.6315789474 10.6315789474 15 22
-38.4086687307 14.6439628483 16 22
-38.1857585139 18.6563467492 17 22
-37.9628482972 22.6687306502 18 22
-37.7399380805 -45.3188854489 1 23
-37.7399380805 26.6811145511 19 22
-37.5170278638 -41.3065015480 2 23
-37.5170278638 30.6934984520 20 22
-37.2941176471 -37.2941176471 3 23
-37.0712074303 -33.2817337461 4 23
-36.8482972136 -29.2693498452 5 23
-36.6253869969 -25.2569659443 6 23
-36.4024767802 -21.2445820433 7 23
-36.1795665635 -17.2321981424 8 23
-35.9566563467 -13.2198142415 9 23
-35.7337461300 -9.2074303406 10 23
-35.5108359133 -5.1950464396 11 23
-35.2879256966 -1.1826625387 12 23
-35.0650154799 2.8297213622 13 23
-34.8421052632 6.8421052632 14 23
-34.6191950464 10.8544891641 15 23
-34.3962848297 14.8668730650 16 23
-34.1733746130 18.8792569659 17 23
-33.9504643963 22.8916408669 18 23
-33.7275541796 -45.0959752322 1 24
-33.7275541796 26.9040247678 19 23
-33.5046439628 -41.0835913313 2 24
-33.5046439628 30.9164086687 20 23
-33.2817337461 -37.0712074303 3 24
-33.0588235294 -33.0588235294 4 24
-32.8359133127 -29.0464396285 5 24
-32.6130030960 -25.0340557276 6 24
-32.3900928793 -21.0216718266 7 24
-32.1671826625 -17.0092879257 8 24
-31.9442724458 -12.9969040248 9 24
-31.7213622291 -8.9845201238 10 24
-31.4984520124 -4.9721362229 11 24
-31.2755417957 -0.9597523220 12 24
-31.0526315789 3.0526315789 13 24
-30.8297213622 7.0650154799 14 24
-30.6068111455 11.0773993808 15 24
-30.3839009288 15.0897832817 16 24
-30.1609907121 19.1021671827 17 24
-29.9380804954 23.1145510836 18 24
-29.7151702786 -44.8730650155 1 25
-29.7151702786 27.1269349845 19 24
-29.4922600619 -40.8606811146 2 25
-29.4922600619 31.1393188854 20 24
-29.2693498452 -36.8482972136 3 25
-29.0464396285 -32.8359133127 4 25
-28.8235294118 -28.8235294118 5 25
-28.6006191950 -24.8111455108 6 25
-28.3777089783 -20.7987616099 7 25
-28.1547987616 -16.7863777090 8 25
-27.9318885449 -12.7739938080 9 25
-27.7089783282 -8.7616099071 10 25
-27.4860681115 -4.7492260062 11 25
-27.2631578947 -0.7368421053 12 25
-27.0402476780 3.2755417957 13 25
-26.8173374613 7.2879256966 14 25
-26.5944272446 11.3003095975 15 25
-26.3715170279 15.3126934985 16 25
-26.1486068111 19.3250773994 17 25
-25.9256965944 23.3374613003 18 25
-25.7027863777 -44.6501547988 1 26
-25.7027863777 27.3498452012 19 25
-25.4798761610 -40.6377708978 2 26
-25.4798761610 31.3622291022 20 25
-25.2569659443 -36.6253869969 3 26
-25.0340557276 -32.6130030960 4 26
-24.8111455108 -28.6006191950 5 26
-24.5882352941 -24.5882352941 6 26
-24.3653250774 -20.5758513932 7 26
-24.1424148607 -16.5634674923 8 26
-23.9195046440 -12.5510835913 9 26
-23.6965944272 -8.5386996904 10 26
-23.4736842105 -4.5263157895 11 26
-23.2507739938 -0.5139318885 12 26
-23.0278637771 3.4984520124 13 26
-22.8049535604 7.5108359133 14 26
-22.5820433437 11.5232198142 15 26
-22.3591331269 15.5356037152 16 26
-22.1362229102 19.5479876161 17 26
-21.9133126935 23.5603715170 18 26
-21.6904024768 -44.4272445820 1 27
-21.6904024768 27.5727554180 19 26
-21.4674922601 -40.4148606811 2 27
-21.4674922601 31.5851393189 20 26
-21.2445820433 -36.4024767802 3 27
-21.0216718266 -32.3900928793 4 27
-20.7987616099 -28.3777089783 5 27
-20.5758513932 -24.3653250774 6 27
-20.3529411765 -20.3529411765 7 27
-20.1300309598 -16.3405572755 8 27
-19.9071207430 -12.3281733746 9 27
-19.6842105263 -8.3157894737 10 27
-19.4613003096 -4.3034055728 11 27
-19.2383900929 -0.2910216718 12 27
-19.0154798762 3.7213622291 13 27
-18.7925696594 7.7337461300 14 27
-18.5696594427 11.7461300310 15 27
-18.3467492260 15.7585139319 16 27
-18.1238390093 19.7708978328 17 27
-17.9009287926 23.7832817337 18 27
-17.6780185759 -44.2043343653 1 28
-17.6780185759 27.7956656347 19 27
-17.4551083591 -40.1919504644 2 28
-17.4551083591 31.8080495356 20 27
-17.2321981424 -36.1795665635 3 28
-17.0092879257 -32.1671826625 4 28
-16.7863777090 -28.1547987616 5 28
-16.5634674923 -24.1424148607 6 28
-16.3405572755 -20.1300309598 7 28
-16.1176470588 -16.1176470588 8 28
-15.8947368421 -12.1052631579 9 28
-15.6718266254 -8.0928792570 10 28
-15.4489164087 -4.0804953560 11 28
-15.2260061920 -0.0681114551 12 28
-15.0030959752 3.9442724458 13 28
-14.7801857585 7.9566563467 14 28
-14.5572755418 11.9690402477 15 28
-14.3343653251 15.9814241486 16 28
-14.1114551084 19.9938080495 17 28
-13.8885448916 24.0061919505 18 28
-13.6656346749 -43.9814241486 1 29
-13.6656346749 28.0185758514 19 28
-13.4427244582 -39.9690402477 2 29
-13.4427244582 32.0309597523 20 28
-13.2198142415 -35.9566563467 3 29
-12.9969040248 -31.9442724458 4 29
-12.7739938080 -27.9318885449 5 29
-12.5510835913 -23.9195046440 6 29
-12.3281733746 -19.9071207430 7 29
-12.1052631579 -15.8947368421 8 29
-11.8823529412 -11.8823529412 9 29
-11.6594427245 -7.8699690402 10 29
-11.4365325077 -3.8575851393 11 29
-11.2136222910 0.1547987616 12 29
-10.9907120743 4.1671826625 13 29
-10.7678018576 8.1795665635 14 29
-10.5448916409 12.1919504644 15 29
-10.3219814241 16.2043343653 16 29
-10.0990712074 20.2167182663 17 29
-9.8761609907 24.2291021672 18 29
-9.6532507740 -43.7585139319 1 30
-9.6532507740 28.2414860681 19 29
-9.4303405573 -39.7461300310 2 30
-9.4303405573 32.2538699690 20 29
-9.2074303406 -35.7337461300 3 30
-8.9845201238 -31.7213622291 4 30
-8.7616099071 -27.7089783282 5 30
-8.5386996904 -23.6965944272 6 30
-8.3157894737 -19.6842105263 7 30
-8.0928792570 -15.6718266254 8 30
-7.8699690402 -11.6594427245 9 30
-7.6470588235 -7.6470588235 10 30
-7.4241486068 -3.6346749226 11 30
-7.2012383901 0.3777089783 12 30
-6.9783281734 4.3900928793 13 30
-6.7554179567 8.4024767802 14 30
-6.5325077399 12.4148606811 15 30
-6.3095975232 16.4272445820 16 30
-6.0866873065 20.4396284830 17 30
-5.8637770898 24.4520123839 18 30
-5.6408668731 -43.5356037152 1 31
-5.6408668731 28.4643962848 19 30
-5.4179566563 -39.5232198142 2 31
-5.4179566563 32.4767801858 20 30
-5.1950464396 -35.5108359133 3 31
-4.9721362229 -31.4984520124 4 31
-4.7492260062 -27.4860681115 5 31
-4.5263157895 -23.4736842105 6 31
-4.3034055728 -19.4613003096 7 31
-4.0804953560 -15.4489164087 8 31
-3.8575851393 -11.4365325077 9 31
-3.6346749226 -7.4241486068 10 31
-3.4117647059 -3.4117647059 11 31
-3.1888544892 0.6006191950 12 31
-2.9659442724 4.6130030960 13 31
-2.7430340557 8.6253869969 14 31
-2.5201238390 12.6377708978 15 31
-2.2972136223 16.6501547988 16 31
-2.0743034056 20.6625386997 17 31
-1.8513931889 24.6749226006 18 31
-1.6284829721 -43.3126934985 1 32
-1.6284829721 28.6873065015 19 31
-1.4055727554 -39.3003095975 2 32
-1.4055727554 32.6996904025 20 31
-1.1826625387 -35.2879256966 3 32
-0.9597523220 -31.2755417957 4 32
-0.7368421053 -27.2631578947 5 32
-0.5139318885 -23.2507739938 6 32
-0.2910216718 -19.2383900929 7 32
-0.0681114551 -15.2260061920 8 32
0.1547987616 -11.2136222910 9 32
0.3777089783 -7.2012383901 10 32
0.6006191950 -3.1888544892 11 32
0.8235294118 0.8235294118 12 32
1.0464396285 4.8359133127 13 32
1.2693498452 8.8482972136 14 32
1.4922600619 12.8606811146 15 32
1.7151702786 16.8730650155 16 32
1.9380804954 20.8854489164 17 32
2.1609907121 24.8978328173 18 32
2.3839009288 -43.0897832817 1 33
2.3839009288 28.9102167183 19 32
2.6068111455 -39.0773993808 2 33
2.6068111455 32.9226006192 20 32
2.8297213622 -35.0650154799 3 33
3.0526315789 -31.0526315789 4 33
3.2755417957 -27.0402476780 5 33
3.4984520124 -23.0278637771 6 33
3.7213622291 -19.0154798762 7 33
3.9442724458 -15.0030959752 8 33
4.1671826625 -10.9907120743 9 33
4.3900928793 -6.9783281734 10 33
4.6130030960 -2.9659442724 11 33
4.8359133127 1.0464396285 12 33
5.0588235294 5.0588235294 13 33
5.2817337461 9.0712074303 14 33
5.5046439628 13.0835913313 15 33
5.7275541796 17.0959752322 16 33
5.9504643963 21.1083591331 17 33
6.1733746130 25.1207430341 18 33
6.3962848297 -42.8668730650 1 34
6.3962848297 29.1331269350 19 33
6.6191950464 -38.8544891641 2 34
6.6191950464 33.1455108359 20 33
6.8421052632 -34.8421052632 3 34
7.0650154799 -30.8297213622 4 34
7.2879256966 -26.8173374613 5 34
7.5108359133 -22.8049535604 6 34
7.7337461300 -18.7925696594 7 34
7.9566563467 -14.7801857585 8 34
8.1795665635 -10.7678018576 9 34
8.4024767802 -6.7554179567 10 34
8.6253869969 -2.7430340557 11 34
8.8482972136 1.2693498452 12 34
9.0712074303 5.2817337461 13 34
9.2941176471 9.2941176471 14 34
9.5170278638 13.3065015480 15 34
9.7399380805 17.3188854489 16 34
9.9628482972 21.3312693498 17 34
10.1857585139 25.3436532508 18 34
10.4086687307 -42.6439628483 1 35
10.4086687307 29.3560371517 19 34
10.6315789474 -38.6315789474 2 35
10.6315789474 33.3684210526 20 34
10.8544891641 -34.6191950464 3 35
11.0773993808 -30.6068111455 4 35
11.3003095975 -26.5944272446 5 35
11.5232198142 -22.5820433437 6 35
11.7461300310 -18.5696594427 7 35
11.9690402477 -14.5572755418 8 35
12.1919504644 -10.5448916409 9 35
12.4148606811 -6.5325077399 10 35
12.6377708978 -2.5201238390 11 35
12.8606811146 1.4922600619 12 35
13.0835913313 5.5046439628 13 35
13.3065015480 9.5170278638 14 35
13.5294117647 13.5294117647 15 35
13.7523219814 17.5417956656 16 35
13.9752321981 21.5541795666 17 35
14.1981424149 25.5665634675 18 35
14.4210526316 -42.4210526316 1 36
14.4210526316 29.5789473684 19 35
14.6439628483 -38.4086687307 2 36
14.6439628483 33.5913312693 20 35
14.8668730650 -34.3962848297 3 36
15.0897832817 -30.3839009288 4 36
15.3126934985 -26.3715170279 5 36
15.5356037152 -22.3591331269 6 36
15.7585139319 -18.3467492260 7 36
15.9814241486 -14.3343653251 8 36
16.2043343653 -10.3219814241 9 36
16.4272445820 -6.3095975232 10 36
16.6501547988 -2.2972136223 11 36
16.8730650155 1.7151702786 12 36
17.0959752322 5.7275541796 13 36
17.3188854489 9.7399380805 14 36
17.5417956656 13.7523219814 15 36
17.7647058824 17.7647058824 16 36
17.9876160991 21.7770897833 17 36
18.2105263158 25.7894736842 18 36
18.4334365325 -42.1981424149 1 37
18.4334365325 29.8018575851 19 36
18.6563467492 -38.1857585139 2 37
18.6563467492 33.8142414861 20 36
18.8792569659 -34.1733746130 3 37
19.1021671827 -30.1609907121 4 37
19.3250773994 -26.1486068111 5 37
19.5479876161 -22.1362229102 6 37
19.7708978328 -18.1238390093 7 37
19.9938080495 -14.1114551084 8 37
20.2167182663 -10.0990712074 9 37
20.4396284830 -6.0866873065 10 37
20.6625386997 -2.0743034056 11 37
20.8854489164 1.9380804954 12 37
21.1083591331 5.9504643963 13 37
21.3312693498 9.9628482972 14 37
21.5541795666 13.9752321981 15 37
21.7770897833 17.9876160991 16 37
22.0000000000 22.0000000000 17 37
22.2229102167 26.0123839009 18 37
22.4458204334 -41.9752321981 1 38
22.4458204334 30.0247678019 19 37
22.6687306502 -37.9628482972 2 38
22.6687306502 34.0371517028 20 37
22.8916408669 -33.9504643963 3 38
23.1145510836 -29.9380804954 4 38
23.3374613003 -25.9256965944 5 38
23.5603715170 -21.9133126935 6 38
23.7832817337 -17.9009287926 7 38
24.0061919505 -13.8885448916 8 38
24.2291021672 -9.8761609907 9 38
24.4520123839 -5.8637770898 10 38
24.6749226006 -1.8513931889 11 38
24.8978328173 2.1609907121 12 38
25.1207430341 6.1733746130 13 38
25.3436532508 10.1857585139 14 38
25.5665634675 14.1981424149 15 38
25.7894736842 18.2105263158 16 38
26.0123839009 22.2229102167 17 38
26.2352941176 26.2352941176 18 38
26.4582043344 -41.7523219814 1 39
26.4582043344 30.2476780186 19 38
26.6811145511 -37.7399380805 2 39
26.6811145511 34.2600619195 20 38
26.9040247678 -33.7275541796 3 39
27.1269349845 -29.7151702786 4 39
27.3498452012 -25.7027863777 5 39
27.5727554180 -21.6904024768 6 39
27.7956656347 -17.6780185759 7 39
28.0185758514 -13.6656346749 8 39
28.2414860681 -9.6532507740 9 39
28.4643962848 -5.6408668731 10 39
28.6873065015 -1.6284829721 11 39
28.9102167183 2.3839009288 12 39
29.1331269350 6.3962848297 13 39
29.3560371517 10.4086687307 14 39
29.5789473684 14.4210526316 15 39
29.8018575851 18.4334365325 16 39
30.0247678019 22.4458204334 17 39
30.2476780186 26.4582043344 18 39
30.4705882353 -41.5294117647 1 40
30.4705882353 30.4705882353 19 39
30.6934984520 -37.5170278638 2 40
30.6934984520 34.4829721362 20 39
30.9164086687 -33.5046439628 3 40
31.1393188854 -29.4922600619 4 40
31.3622291022 -25.4798761610 5 40
31.5851393189 -21.4674922601 6 40
31.8080495356 -17.4551083591 7 40
32.0309597523 -13.4427244582 8 40
32.2538699690 -9.4303405573 9 40
32.4767801858 -5.4179566563 10 40
32.6996904025 -1.4055727554 11 40
32.9226006192 2.6068111455 12 40
33.1455108359 6.6191950464 13 40
33.3684210526 10.6315789474 14 40
33.5913312693 14.6439628483 15 40
33.8142414861 18.6563467492 16 40
34.0371517028 22.6687306502 17 40
34.2600619195 26.6811145511 18 40
34.4829721362 30.6934984520 19 40
34.7058823529 34.7058823529 20 40

