43
-92.9555921053 56.0032894737 65 88
-91.0400000000 94.5200000000 82 87
-90.9000000000 56.1555555556 10 88
-89.6601941748 92.9223300971 5 87
-89.0000000000 93.5000000000 5 82
-83.5125000000 -89.5187500000 38 64
-77.3823529412 57.1568627451 24 88
-73.4166666667 30.4166666667 29 56
-64.7352941176 40.6764705882 54 56
-48.6901408451 70.6760563380 49 71
-47.6084507042 72.1633802817 49 59
-45.3098591549 69.3239436620 59 71
-35.2464183381 -45.0544412607 9 42
-34.4545454545 -88.9494949495 91 93
-23.0000000000 2.0000000000 48 95
-20.4285714286 -18.5714285714 48 97
-17.9432314410 -97.5109170306 55 93
-16.3421052632 11.6169590643 28 95
-9.9629629630 -29.0370370370 12 97
-5.5498652291 -35.3369272237 3 63
-5.1904761905 -33.8095238095 3 97
-1.0075757576 -12.1931818182 4 19
2.2908587258 63.7285318560 2 35
11.3387096774 78.5645161290 26 81
30.4594594595 -46.7297297297 76 86
34.4048780488 -54.3170731707 21 76
35.8695652174 -49.4347826087 21 86
37.7027027027 55.0810810811 13 96
40.9576547231 -66.9185667752 57 76
45.9285714286 -53.0000000000 57 69
47.5904761905 -92.7809523810 72 84
52.7777777778 1.2222222222 50 77
53.7076923077 31.4846153846 14 44
55.5623762376 3.1366336634 50 51
60.7463054187 -83.7709359606 16 90
64.7435897436 20.1923076923 25 61
66.4666666667 21.3000000000 8 61
67.7500000000 19.3750000000 8 89
69.6666666667 16.5000000000 8 25
78.1044776119 72.7313432836 40 53
79.5501730104 69.0138408304 15 40
80.4384615385 72.8923076923 23 53
85.8636363636 86.5113636364 20 52

