100
-59 54 -70 75
19 62 -10 65
-9 -50 -5 -33
18 -10 -8 -13
-85 97 -93 90
-82 66 -75 91
-66 -57 -91 -44
72 13 66 22
-63 -24 -34 -46
-95 68 -86 42
-95 -72 -124 -81
17 -30 -11 -29
43 67 35 49
55 31 47 34
94 65 76 70
63 -71 60 -88
20 52 14 48
51 -47 51 -56
1 -14 -19 4
80 87 104 85
30 -69 36 -49
28 -74 13 -51
75 76 103 60
-81 66 -72 44
81 8 53 29
17 75 -10 92
100 -79 125 -101
-33 11 -6 12
-56 13 -74 31
-62 87 -58 70
54 -48 34 -27
-11 15 -23 26
-30 43 -39 61
-79 93 -109 121
2 71 3 46
-78 -40 -104 -26
-31 48 -27 63
-87 -87 -69 -100
-26 41 -30 14
85 55 78 73
85 12 114 35
-25 -22 -37 -49
-63 31 -54 27
54 29 52 46
36 89 54 86
58 50 75 44
-46 -37 -76 -23
-20 -22 -23 2
-47 73 -55 62
67 11 51 0
57 0 46 24
76 77 104 104
82 73 53 71
-59 42 -72 39
-5 -100 -31 -95
-78 25 -56 51
47 -50 37 -78
78 -78 81 -56
-58 85 -41 64
58 -49 68 -78
80 30 52 12
68 97 89 98
-14 -30 5 -42
-82 -90 -104 -83
-99 75 -92 53
25 22 15 12
-52 4 -75 -10
-48 7 -76 20
48 -53 44 -53
-1 39 -22 51
-52 72 -37 66
50 -91 27 -108
-24 95 -45 109
-20 -91 -32 -77
21 34 0 40
28 -42 41 -67
56 -2 45 9
84 6 62 -21
38 -41 16 -29
51 -75 44 -78
18 70 11 79
-100 99 -88 93
-14 -53 -34 -67
45 -91 61 -102
-53 -28 -29 -12
43 -53 15 -39
-88 91 -107 113
-66 58 -93 56
67 19 75 23
48 -81 71 -86
-25 -90 -52 -87
67 -92 77 -84
-17 -98 -44 -84
52 -37 78 -27
-14 15 -23 2
50 34 36 58
-4 -35 -27 -12
-71 -60 -78 -60
73 -97 43 -114
-2 87 -3 105

Expected:
43
@(-92.956, 56.003): { 65, 88 }
@(-91.04, 94.52):  { 82, 87 }
@(-90.9, 56.156):  { 10, 88 }
@(-89.66, 92.922): { 5, 87 }
@(-89, 93.5):      { 5, 82 }
@(-83.513, -89.519): { 38, 64 }
@(-77.382, 57.157): { 24, 88 }
@(-73.417, 30.417): { 29, 56 }
@(-64.735, 40.676): { 54, 56 }
@(-48.69, 70.676): { 49, 71 }
@(-47.608, 72.163): { 49, 59 }
@(-45.31, 69.324): { 59, 71 }
@(-35.246, -45.054): { 9, 42 }
@(-34.455, -88.949): { 91, 93 }
@(-23, 2):         { 48, 95 }
@(-20.429, -18.571): { 48, 97 }
@(-17.943, -97.511): { 55, 93 }
@(-16.342, 11.617): { 28, 95 }
@(-9.963, -29.037): { 12, 97 }
@(-5.5499, -35.337): { 3, 63 }
@(-5.1905, -33.81): { 3, 97 }
@(-1.0076, -12.193): { 4, 19 }
@(2.2909, 63.729): { 2, 35 }
@(11.339, 78.565): { 26, 81 }
@(30.459, -46.73): { 76, 86 }
@(34.405, -54.317): { 21, 76 }
@(35.87, -49.435): { 21, 86 }
@(37.703, 55.081): { 13, 96 }
@(40.958, -66.919): { 57, 76 }
@(45.929, -53):    { 57, 69 }
@(47.59, -92.781): { 72, 84 }
@(52.778, 1.2222): { 50, 77 }
@(53.708, 31.485): { 14, 44 }
@(55.562, 3.1366): { 50, 51 }
@(60.746, -83.771): { 16, 90 }
@(64.744, 20.192): { 25, 61 }
@(66.467, 21.3):   { 8, 61 }
@(67.75, 19.375):  { 8, 89 }
@(69.667, 16.5):   { 8, 25 }
@(78.104, 72.731): { 40, 53 }
@(79.55, 69.014):  { 15, 40 }
@(80.438, 72.892): { 23, 53 }
@(85.864, 86.511): { 20, 52 }
